Time (µs) - ID05 [Steady state]	Correlation Coefficient (g₂-1) - ID05 [Steady state]
0.0875	0.914
0.1	0.9097
0.1125	0.8983
0.125	0.893
0.1375	0.8928
0.15	0.9019
0.1625	0.8996
0.175	0.8984
0.1875	0.8943
0.2	0.8984
0.2125	0.8952
0.225	0.8978
0.2375	0.8951
0.25	0.8942
0.2625	0.8941
0.275	0.8929
0.2875	0.8917
0.3	0.8874
0.3125	0.8895
0.325	0.8925
0.3375	0.8942
0.35	0.8916
0.3625	0.8925
0.375	0.8906
0.3875	0.8868
0.4	0.8835
0.425	0.883
0.45	0.8861
0.475	0.8866
0.5	0.889
0.525	0.8925
0.55	0.8916
0.575	0.889
0.6	0.8865
0.625	0.8878
0.65	0.8888
0.675	0.8901
0.7	0.892
0.725	0.8906
0.75	0.8866
0.775	0.8851
0.8	0.8841
0.85	0.886
0.9	0.8853
0.95	0.8854
1	0.8855
1.05	0.8854
1.1	0.8839
1.15	0.882
1.2	0.8796
1.25	0.8803
1.3	0.8815
1.35	0.8839
1.4	0.883
1.45	0.8814
1.5	0.8812
1.55	0.8825
1.6	0.8824
1.7	0.8776
1.8	0.8755
1.9	0.8758
2	0.8775
2.1	0.878
2.2	0.8768
2.3	0.8765
2.4	0.8766
2.5	0.8773
2.6	0.875
2.7	0.8733
2.8	0.8717
2.9	0.8721
3	0.8715
3.1	0.8723
3.2	0.8719
3.4	0.8704
3.6	0.869
3.8	0.8697
4	0.8692
4.2	0.8691
4.4	0.8685
4.6	0.8671
4.8	0.8645
5	0.8623
5.2	0.8618
5.4	0.8617
5.6	0.8618
5.8	0.8611
6	0.8604
6.2	0.8578
6.4	0.8565
6.8	0.8544
7.2	0.8535
7.6	0.8512
8	0.8495
8.4	0.8478
8.8	0.8464
9.2	0.8448
9.6	0.8426
10	0.8403
10.4	0.8384
10.8	0.8376
11.2	0.835
11.6	0.8334
12	0.8304
12.4	0.8301
12.8	0.8284
13.6	0.8255
14.4	0.8222
15.2	0.8186
16	0.8153
16.8	0.8113
17.6	0.808
18.4	0.8044
19.2	0.8008
20	0.797
20.8	0.794
21.6	0.7908
22.4	0.7873
23.2	0.7846
24	0.7813
24.8	0.7791
25.6	0.7755
27.2	0.7695
28.8	0.7624
30.4	0.7558
32	0.7492
33.6	0.7433
35.2	0.7376
36.8	0.7317
38.4	0.7256
40	0.7199
41.6	0.7137
43.2	0.7079
44.8	0.7018
46.4	0.6966
48	0.6907
49.6	0.6844
51.2	0.6786
54.4	0.668
57.6	0.6578
60.8	0.6472
64	0.6369
67.2	0.6266
70.4	0.6167
73.6	0.6067
76.8	0.5972
80	0.5875
83.2	0.5782
86.4	0.5689
89.6	0.5602
92.8	0.5517
96	0.5431
99.2	0.5346
102.4	0.5262
108.8	0.5102
115.2	0.4948
121.6	0.4799
128	0.4656
134.4	0.4518
140.8	0.4384
147.2	0.4255
153.6	0.4127
160	0.4008
166.4	0.3894
172.8	0.3783
179.2	0.3676
185.6	0.3571
192	0.3473
198.4	0.3376
204.8	0.3284
217.6	0.3106
230.4	0.294
243.2	0.2782
256	0.2636
268.8	0.2496
281.6	0.2367
294.4	0.2247
307.2	0.2136
320	0.203
332.8	0.193
345.6	0.1836
358.4	0.1746
371.2	0.166
384	0.1579
396.8	0.1507
409.6	0.1439
435.2	0.1315
460.8	0.12
486.4	0.1098
512	0.1009
537.6	0.09292
563.2	0.08589
588.8	0.07969
614.4	0.07424
640	0.06934
665.6	0.06478
691.2	0.0607
716.8	0.05697
742.4	0.05352
768	0.05023
793.6	0.04723
819.2	0.04467
870.4	0.04023
921.6	0.03636
972.8	0.03277
1024	0.0295
1075	0.02655
1126	0.02406
1178	0.02192
1229	0.02025
1280	0.01882
1331	0.01753
1382	0.01631
1434	0.01532
1485	0.01442
1536	0.01346
1587	0.01243
1638	0.01173
1741	0.01058
1843	0.009589
1946	0.008989
2048	0.009085
2150	0.009567
2253	0.009775
2355	0.009869
2458	0.0101
2560	0.01043
2662	0.01048
2765	0.01042
2867	0.01033
2970	0.01026
3072	0.01005
3174	0.009877
3277	0.0096
3482	0.009381
3686	0.009136
3891	0.009377
4096	0.009586
4301	0.009081
4506	0.007956
4710	0.006574
4915	0.006103
5120	0.00625
5325	0.006476
5530	0.006639
5734	0.006751
5939	0.00693
6144	0.007474
6349	0.007758
6554	0.007609
6963	0.006584
7373	0.006113
7782	0.005945
8192	0.005823
8602	0.005788
9011	0.006468
9421	0.007268
9830	0.007208
1.024E+04	0.007491
1.065E+04	0.007654
1.106E+04	0.00784
1.147E+04	0.007266
1.188E+04	0.006953
1.229E+04	0.007576
1.27E+04	0.007944
1.311E+04	0.007667
1.393E+04	0.006681
1.475E+04	0.005838
1.556E+04	0.006116
1.638E+04	0.006248
1.72E+04	0.006327
1.802E+04	0.005654
1.884E+04	0.005234
1.966E+04	0.005287
2.048E+04	0.006236
2.13E+04	0.006311
2.212E+04	0.006187
2.294E+04	0.005255
2.376E+04	0.00541
2.458E+04	0.005006
2.54E+04	0.004938
2.621E+04	0.004307
2.785E+04	0.004358
2.949E+04	0.004382
3.113E+04	0.004656
3.277E+04	0.004754
3.441E+04	0.004515
3.604E+04	0.0042
3.768E+04	0.004037
3.932E+04	0.004714
4.096E+04	0.005479
4.26E+04	0.006342
4.424E+04	0.006587
4.588E+04	0.005777
4.751E+04	0.005177
4.915E+04	0.004225
5.079E+04	0.004172
5.243E+04	0.003983
5.571E+04	0.003947
5.898E+04	0.00396
6.226E+04	0.003663
6.554E+04	0.004061
6.881E+04	0.004119
7.209E+04	0.004198
7.537E+04	0.003996
7.864E+04	0.003667
8.192E+04	0.003683
8.52E+04	0.004019
8.847E+04	0.004193
9.175E+04	0.004163
9.503E+04	0.003653
9.83E+04	0.003845
1.016E+05	0.003636
1.049E+05	0.003632
1.114E+05	0.002853
1.18E+05	0.00306
1.245E+05	0.003098
1.311E+05	0.003391
1.376E+05	0.003504
1.442E+05	0.003438
1.507E+05	0.003329
1.573E+05	0.002999
1.638E+05	0.003366
1.704E+05	0.003466
1.769E+05	0.003851
1.835E+05	0.003806
1.901E+05	0.004109
1.966E+05	0.003947
2.032E+05	0.004119
2.097E+05	0.004008
2.228E+05	0.004182
2.359E+05	0.004247
2.49E+05	0.004387
2.621E+05	0.004451
2.753E+05	0.004376
2.884E+05	0.004501
3.015E+05	0.004564
3.146E+05	0.004577
3.277E+05	0.004736
3.408E+05	0.005029
3.539E+05	0.005433
3.67E+05	0.005332
3.801E+05	0.005338
3.932E+05	0.00579
4.063E+05	0.006072
4.194E+05	0.006352
4.456E+05	0.00613
4.719E+05	0.006424
4.981E+05	0.006777
5.243E+05	0.007113
5.505E+05	0.007352
5.767E+05	0.007643
6.029E+05	0.007959
6.291E+05	0.008386
6.554E+05	0.008445
6.816E+05	0.008237
7.078E+05	0.00783
7.34E+05	0.007496
7.602E+05	0.007546
7.864E+05	0.007735
8.126E+05	0.008056
8.389E+05	0.008245
8.913E+05	0.008316
9.437E+05	0.007963
9.961E+05	0.007094
1.049E+06	0.005991
1.101E+06	0.005328
1.153E+06	0.004859
1.206E+06	0.004601
1.258E+06	0.004222
1.311E+06	0.004172
1.363E+06	0.004092
1.416E+06	0.003948
1.468E+06	0.00359
1.52E+06	0.00293
1.573E+06	0.002194
1.625E+06	0.001121
1.678E+06	0.0005992
1.783E+06	0
1.887E+06	0
1.992E+06	0
2.097E+06	0
2.202E+06	0
2.307E+06	0
2.412E+06	0
2.517E+06	0
2.621E+06	0
2.726E+06	0
2.831E+06	0
2.936E+06	0
3.041E+06	0
3.146E+06	0
3.251E+06	0
3.355E+06	0
3.565E+06	0
3.775E+06	0
3.985E+06	0
4.194E+06	0
4.404E+06	0
4.614E+06	0
4.823E+06	0
5.033E+06	0
5.243E+06	0
5.453E+06	0
5.662E+06	0
5.872E+06	0
6.082E+06	0
6.291E+06	0
6.501E+06	0
6.711E+06	0
7.13E+06	0
7.55E+06	0
7.969E+06	0
8.389E+06	0
8.808E+06	0
9.227E+06	0
9.647E+06	0
1.007E+07	0
1.049E+07	0
1.091E+07	0
1.132E+07	0
1.174E+07	0
1.216E+07	0
1.258E+07	0
1.3E+07	0
1.342E+07	0
1.426E+07	0
1.51E+07	0
1.594E+07	0
1.678E+07	0
1.762E+07	0
1.845E+07	0
1.929E+07	0
2.013E+07	0
2.097E+07	0
2.181E+07	0
2.265E+07	0
2.349E+07	0
2.433E+07	0
2.517E+07	0
2.6E+07	0
2.684E+07	0
2.852E+07	0
3.02E+07	0
3.188E+07	0
3.355E+07	0
3.523E+07	0
3.691E+07	0
3.859E+07	0
4.027E+07	0
4.194E+07	0
4.362E+07	0
4.53E+07	0
4.698E+07	0
4.865E+07	0
5.033E+07	0
5.201E+07	0
5.369E+07	0
5.704E+07	0
6.04E+07	0
6.375E+07	0
6.711E+07	0
7.046E+07	0
7.382E+07	0
7.718E+07	0
8.053E+07	0
8.389E+07	0
8.724E+07	0
9.06E+07	0
9.395E+07	0
9.731E+07	0
1.007E+08	0
1.04E+08	0
1.074E+08	0
1.141E+08	0
1.208E+08	0
1.275E+08	0
1.342E+08	0
1.409E+08	0
1.476E+08	0
1.544E+08	0
1.611E+08	0
1.678E+08	0
1.745E+08	0
1.812E+08	0
1.879E+08	0
1.946E+08	0
2.013E+08	0
2.08E+08	0
2.147E+08	0
